[bsdf]
0	0.75 0.25 0.25
0	0.25 0.25 0.75
0	0.75 0.75 0.75
0	0.0  0.0  0.0
1	0.999 0.999 0.999
2	0.999 0.999 0.999
0	0.999 0.999 0.999

[bsdf-picker]
0 0 0	1.0 0.0 0.0
1 0 0	1.0 0.0 0.0
2 0 0	1.0 0.0 0.0
3 0 0	1.0 0.0 0.0
0 4 0	0.0 1.0 0.0
5 0 0	1.0 0.0 0.0
6 0 0	1.0 0.0 0.0

[shape]
1	1001.0 40.8 81.6 1000.0
1	-901.0 40.8 81.6 1000.0
1	50.0 40.8 1000.0 1000.0
1	50.0 40.8 -830.0 1000.0
1	50.0 1000.0 81.6 1000.0
1	50.0 -918.4 81.6 1000.0
0	27.0 16.5 47.0 16.5
0	73.0 16.5 78.0 16.5
0	50.0 681.33 81.6 600.0
2	10.0 16.5 78.0 20.0 0.0 0.0 0.0 20.0 0.0
3	10.0 16.5 90.0 50.0 16.5 90.0 50.0 46.5 90.0
3	10.0 16.5 90.0 50.0 46.5 90.0 10.0 46.5 90.0
3	-1.0 0 -1.0 101.0 0 -1.0 101.0 0 171.0
3	-1.0 0 -1.0 101.0 0 171.0 -1.0 0 171.0

#(1, 99) (0, 81.6) (0, 130)

[light]
0	12.0 12.0 12.0

[texture]
pattern.ppm

[texture-mapping]
10 0	0 1 0	1 1 0	1 0 0
11 0	0 1 0	1 0 0	0 0 0
12 0	0 1 0	1 1 0	1 0 0
13 0	0 1 0	1 0 0	0 0 0

[object]
1 1 0
2 2 0
3 3 0
4 4 0
6 3 0
7 5 0
8 5 0
9 0 1
13 7 0
14 7 0
